2 2 2 2 2 2 2 2 2 2 2 2 2 2 2 
2 2 2 2 2 2 2 2 2 2 2 2 2 2 2 
2 2 2 2 2 2 4532 2 2 2 2 2 2 2 2 
2 2 25326556 2 2 2 2 2 2 2 2 2 2 2 2 
2 2 23655644 2 2453 2 2 221 2 2 2 2 2 2 2 
2 2 2 2 2 2 2 2 2 2 2 2 2 2 2 
2 2 2 2 2 2 2 2 24535 2 2 2 2 2 2 
2 2 2453 2453 2 2453 2 2 2 3 2 2 2 2 2 
2 2 2 2 2 2 2 2 2 2 2 2 2 2 2 
2 2213 2 2 2213 2 2 2 267 2 2 2 2 2 2 
2 2 2 2 2 2 1252 2 2 2 2 2 2 2 2 
2 2 2 2 2 2 2 2 2 2 2 2 2 2 2 
2 2 2 2 2 2 2 2 2 2 2 2 2 2 2 
2 2 2 2 2 2 2 2 2 2 2 2 2 2 2 
2 2 2 2 2 2 2 2 2 2 2 2 2 2 2 
